# vim: set fdm=marker :

#########
# BESIII #
#########
#
# {{{
D^0->K^-e^+nu::BR[0.0,q2max]@BESIII:2015A:
    type: Gaussian
    observable: D->Klnu::BR
    kinematics: {q2_min: 0.0, q2_max: 1.880}
    options: {q: u, l: e}
    mean: 3.505e-02
    sigma-stat: {hi: 0.014e-02, lo: -0.014e-02}
    sigma-sys: {hi: 0.033e-02, lo: -0.033e-02}
D^0->K^-e^+nu::normalizedwidth@BESIII:2015A:
    type: MultivariateGaussian(Covariance)
    observables:
        -   D->Klnu::P(q2_min,q2_max)
        -   D->Klnu::P(q2_min,q2_max)
        -   D->Klnu::P(q2_min,q2_max)
        -   D->Klnu::P(q2_min,q2_max)
        -   D->Klnu::P(q2_min,q2_max)
        -   D->Klnu::P(q2_min,q2_max)
        -   D->Klnu::P(q2_min,q2_max)
        -   D->Klnu::P(q2_min,q2_max)
        -   D->Klnu::P(q2_min,q2_max)
        -   D->Klnu::P(q2_min,q2_max)
        -   D->Klnu::P(q2_min,q2_max)
        -   D->Klnu::P(q2_min,q2_max)
        -   D->Klnu::P(q2_min,q2_max)
        -   D->Klnu::P(q2_min,q2_max)
        -   D->Klnu::P(q2_min,q2_max)
        -   D->Klnu::P(q2_min,q2_max)
        -   D->Klnu::P(q2_min,q2_max)
    kinematics:
        -   {q2_min: 0.0, q2_max: 0.1}
        -   {q2_min: 0.1, q2_max: 0.2}
        -   {q2_min: 0.2, q2_max: 0.3}
        -   {q2_min: 0.3, q2_max: 0.4}
        -   {q2_min: 0.4, q2_max: 0.5}
        -   {q2_min: 0.5, q2_max: 0.6}
        -   {q2_min: 0.6, q2_max: 0.7}
        -   {q2_min: 0.7, q2_max: 0.8}
        -   {q2_min: 0.8, q2_max: 0.9}
        -   {q2_min: 0.9, q2_max: 1.0}
        -   {q2_min: 1.0, q2_max: 1.1}
        -   {q2_min: 1.1, q2_max: 1.2}
        -   {q2_min: 1.2, q2_max: 1.3}
        -   {q2_min: 1.3, q2_max: 1.4}
        -   {q2_min: 1.4, q2_max: 1.5}
        -   {q2_min: 1.5, q2_max: 1.6}
        -   {q2_min: 1.6, q2_max: 1.7}
    options:
        -   {q: u, l: e}
        -   {q: u, l: e}
        -   {q: u, l: e}
        -   {q: u, l: e}
        -   {q: u, l: e}
        -   {q: u, l: e}
        -   {q: u, l: e}
        -   {q: u, l: e}
        -   {q: u, l: e}
        -   {q: u, l: e}
        -   {q: u, l: e}
        -   {q: u, l: e}
        -   {q: u, l: e}
        -   {q: u, l: e}
        -   {q: u, l: e}
        -   {q: u, l: e}
        -   {q: u, l: e}
    means: [ 0.103278, 0.102469, 0.0972188, 0.0886865, 0.0877372, 0.0755482,
            0.072665, 0.0646836, 0.058929, 0.0530338, 0.0465525, 0.0389813,
            0.0331446, 0.0268157, 0.0203579, 0.0154003, 0.0100559 ]
    covariance:
        - [4.80581e-06,3.82708e-07,7.22401e-07,6.58279e-07,6.57169e-07,5.65666e-07,5.53166e-07,4.88223e-07,4.49362e-07,4.00968e-07,3.46249e-07,2.83628e-07,2.41881e-07,1.97859e-07,1.50484e-07,1.14364e-07,8.19888e-08]
        - [3.82708e-07,3.62529e-06,2.83311e-07,6.67649e-07,6.33572e-07,5.523e-07,5.41853e-07,4.78326e-07,4.418e-07,3.9417e-07,3.39995e-07,2.78724e-07,2.3801e-07,1.94498e-07,1.48138e-07,1.12216e-07,8.07825e-08]
        - [7.22401e-07,2.83311e-07,3.4598e-06,1.9419e-07,6.38955e-07,5.2068e-07,5.21498e-07,4.58663e-07,4.26424e-07,3.7905e-07,3.26556e-07,2.67424e-07,2.29169e-07,1.87569e-07,1.43054e-07,1.08885e-07,7.86191e-08]
        - [6.58279e-07,6.67649e-07,1.9419e-07,3.2233e-06,1.46314e-07,5.34733e-07,4.88279e-07,4.41146e-07,4.08704e-07,3.63466e-07,3.12698e-07,2.55128e-07,2.18758e-07,1.80154e-07,1.37009e-07,1.04712e-07,7.62617e-08]
        - [6.57169e-07,6.33572e-07,6.38955e-07,1.46314e-07,3.16036e-06,1.04308e-07,5.1934e-07,4.34686e-07,4.11818e-07,3.64232e-07,3.12323e-07,2.55739e-07,2.195e-07,1.81008e-07,1.37841e-07,1.05808e-07,7.72507e-08]
        - [5.65666e-07,5.523e-07,5.2068e-07,5.34733e-07,1.04308e-07,2.60593e-06,6.07318e-08,4.01798e-07,3.47795e-07,3.12762e-07,2.69933e-07,2.20444e-07,1.89611e-07,1.56314e-07,1.1892e-07,9.12604e-08,6.67974e-08]
        - [5.53166e-07,5.41853e-07,5.21498e-07,4.88279e-07,5.1934e-07,6.07318e-08,2.47958e-06,3.78856e-08,3.68611e-07,3.01526e-07,2.65176e-07,2.15752e-07,1.85652e-07,1.5314e-07,1.16375e-07,8.96269e-08,6.5782e-08]
        - [4.88223e-07,4.78326e-07,4.58663e-07,4.41146e-07,4.34686e-07,4.01798e-07,3.78856e-08,2.16442e-06,8.23443e-09,2.90414e-07,2.30737e-07,1.91607e-07,1.64858e-07,1.36319e-07,1.03592e-07,8.00365e-08,5.85566e-08]
        - [4.49362e-07,4.418e-07,4.26424e-07,4.08704e-07,4.11818e-07,3.47795e-07,3.68611e-07,8.23443e-09,1.9348e-06,-1.08609e-08,2.30737e-07,1.75534e-07,1.53912e-07,1.2591e-07,9.66456e-08,7.46287e-08,5.50523e-08]
        - [4.00968e-07,3.9417e-07,3.7905e-07,3.63466e-07,3.64232e-07,3.12762e-07,3.01526e-07,2.90414e-07,-1.08609e-08,1.7071e-06,-3.46017e-08,1.70487e-07,1.32921e-07,1.12246e-07,8.52892e-08,6.57765e-08,4.83498e-08]
        - [3.46249e-07,3.39995e-07,3.26556e-07,3.12698e-07,3.12323e-07,2.69933e-07,2.65176e-07,2.30737e-07,2.30737e-07,-3.46017e-08,1.4499e-06,-5.16151e-08,1.24877e-07,9.43923e-08,7.34026e-08,5.63045e-08,4.12488e-08]
        - [2.83628e-07,2.78724e-07,2.67424e-07,2.55128e-07,2.55739e-07,2.20444e-07,2.15752e-07,1.91607e-07,1.75534e-07,1.70487e-07,-5.16151e-08,1.19644e-06,-5.74818e-08,8.48393e-08,5.80883e-08,4.5179e-08,3.34329e-08]
        - [2.41881e-07,2.3801e-07,2.29169e-07,2.18758e-07,2.195e-07,1.89611e-07,1.85652e-07,1.64858e-07,1.53912e-07,1.32921e-07,1.24877e-07,-5.74818e-08,9.89919e-07,-5.33035e-08,5.59344e-08,3.90074e-08,2.84734e-08]
        - [1.97859e-07,1.94498e-07,1.87569e-07,1.80154e-07,1.81008e-07,1.56314e-07,1.5314e-07,1.36319e-07,1.2591e-07,1.12246e-07,9.43923e-08,8.48393e-08,-5.33035e-08,8.14588e-07,-5.52635e-08,3.46058e-08,2.39301e-08]
        - [1.50484e-07,1.48138e-07,1.43054e-07,1.37009e-07,1.37841e-07,1.1892e-07,1.16375e-07,1.03592e-07,9.66456e-08,8.52892e-08,7.34026e-08,5.80883e-08,5.59344e-08,-5.52635e-08,6.30728e-07,-4.04443e-08,2.00958e-08]
        - [1.14364e-07,1.12216e-07,1.08885e-07,1.04712e-07,1.05808e-07,9.12604e-08,8.96269e-08,8.00365e-08,7.46287e-08,6.57765e-08,5.63045e-08,4.5179e-08,3.90074e-08,3.46058e-08,-4.04443e-08,4.63192e-07,-3.1383e-08]
        - [8.19888e-08,8.07825e-08,7.86191e-08,7.62617e-08,7.72507e-08,6.67974e-08,6.5782e-08,5.85566e-08,5.50523e-08,4.83498e-08,4.12488e-08,3.34329e-08,2.84734e-08,2.39301e-08,2.00958e-08,-3.1383e-08,3.42234e-07]
D^+->Kbar^0e^+nu::width@BESIII:2017A:
    type: MultivariateGaussian
    observables:
        -   D->Klnu::width
        -   D->Klnu::width
        -   D->Klnu::width
        -   D->Klnu::width
        -   D->Klnu::width
        -   D->Klnu::width
        -   D->Klnu::width
        -   D->Klnu::width
        -   D->Klnu::width
    kinematics:
        -   {q2_min: 0.0, q2_max: 0.2}
        -   {q2_min: 0.2, q2_max: 0.4}
        -   {q2_min: 0.4, q2_max: 0.6}
        -   {q2_min: 0.6, q2_max: 0.8}
        -   {q2_min: 0.8, q2_max: 1.0}
        -   {q2_min: 1.0, q2_max: 1.2}
        -   {q2_min: 1.2, q2_max: 1.4}
        -   {q2_min: 1.4, q2_max: 1.6}
        -   {q2_min: 1.6, q2_max: 1.882}
    options:
        -   {q: d, l: e}
        -   {q: d, l: e}
        -   {q: d, l: e}
        -   {q: d, l: e}
        -   {q: d, l: e}
        -   {q: d, l: e}
        -   {q: d, l: e}
        -   {q: d, l: e}
        -   {q: d, l: e}
    means: [ 16.97, 15.29, 13.57, 11.65, 9.33, 7.06, 4.96, 2.97, 1.01]
    sigma-stat-hi: [0, 0, 0, 0, 0, 0, 0, 0, 0]
    sigma-stat-lo: [0, 0, 0, 0, 0, 0, 0, 0, 0]
    sigma-sys: [0.602378, 0.534103, 0.465453, 0.4026, 0.344261, 0.275757, 0.202383, 0.135011, 0.0725645]
    correlations:
        - [1.,0.780898,0.768749,0.744707,0.730631,0.694217,0.615867,0.47533,0.331666]
        - [0.780898,1.,0.725185,0.723341,0.708917,0.673579,0.597549,0.461157,0.321744]
        - [0.768749,0.725185,1.,0.671742,0.686093,0.651442,0.578501,0.44644,0.31076]
        - [0.744707,0.723341,0.671742,1.,0.634642,0.632621,0.559979,0.432595,0.301802]
        - [0.730631,0.708917,0.686093,0.634642,1.,0.586238,0.550458,0.423481,0.295733]
        - [0.694217,0.673579,0.651442,0.632621,0.586238,1.,0.486801,0.404272,0.281192]
        - [0.615867,0.597549,0.578501,0.559979,0.550458,0.486801,1.,0.314591,0.251204]
        - [0.47533,0.461157,0.44644,0.432595,0.423481,0.404272,0.314591,1.,0.146734]
        - [0.331666,0.321744,0.31076,0.301802,0.295733,0.281192,0.251204,0.146734,1.]
D^0->K^-mu^+nu::BR[0.0,q2max]@BESIII:2019A:
    type: Gaussian
    observable: D->Klnu::BR
    kinematics: {q2_min: 0.0, q2_max: 1.880}
    options: {q: u, l: mu}
    mean: 3.413e-02
    sigma-stat: {hi: 0.019e-02, lo: -0.019e-02}
    sigma-sys: {hi: 0.035e-02, lo: -0.035e-02}
D^0->K^-mu^+nu::normalizedwidth@BESIII:2019A:
    type: MultivariateGaussian(Covariance)
    observables:
        -   D->Klnu::P(q2_min,q2_max)
        -   D->Klnu::P(q2_min,q2_max)
        -   D->Klnu::P(q2_min,q2_max)
        -   D->Klnu::P(q2_min,q2_max)
        -   D->Klnu::P(q2_min,q2_max)
        -   D->Klnu::P(q2_min,q2_max)
        -   D->Klnu::P(q2_min,q2_max)
        -   D->Klnu::P(q2_min,q2_max)
        -   D->Klnu::P(q2_min,q2_max)
        -   D->Klnu::P(q2_min,q2_max)
        -   D->Klnu::P(q2_min,q2_max)
        -   D->Klnu::P(q2_min,q2_max)
        -   D->Klnu::P(q2_min,q2_max)
        -   D->Klnu::P(q2_min,q2_max)
        -   D->Klnu::P(q2_min,q2_max)
        -   D->Klnu::P(q2_min,q2_max)
        -   D->Klnu::P(q2_min,q2_max)
    kinematics:
        -   {q2_min: 0.0, q2_max: 0.1}
        -   {q2_min: 0.1, q2_max: 0.2}
        -   {q2_min: 0.2, q2_max: 0.3}
        -   {q2_min: 0.3, q2_max: 0.4}
        -   {q2_min: 0.4, q2_max: 0.5}
        -   {q2_min: 0.5, q2_max: 0.6}
        -   {q2_min: 0.6, q2_max: 0.7}
        -   {q2_min: 0.7, q2_max: 0.8}
        -   {q2_min: 0.8, q2_max: 0.9}
        -   {q2_min: 0.9, q2_max: 1.0}
        -   {q2_min: 1.0, q2_max: 1.1}
        -   {q2_min: 1.1, q2_max: 1.2}
        -   {q2_min: 1.2, q2_max: 1.3}
        -   {q2_min: 1.3, q2_max: 1.4}
        -   {q2_min: 1.4, q2_max: 1.5}
        -   {q2_min: 1.5, q2_max: 1.6}
        -   {q2_min: 1.6, q2_max: 1.7}
    options:
        -   {q: u, l: mu}
        -   {q: u, l: mu}
        -   {q: u, l: mu}
        -   {q: u, l: mu}
        -   {q: u, l: mu}
        -   {q: u, l: mu}
        -   {q: u, l: mu}
        -   {q: u, l: mu}
        -   {q: u, l: mu}
        -   {q: u, l: mu}
        -   {q: u, l: mu}
        -   {q: u, l: mu}
        -   {q: u, l: mu}
        -   {q: u, l: mu}
        -   {q: u, l: mu}
        -   {q: u, l: mu}
        -   {q: u, l: mu}
    means: [ 0.0751559, 0.10264, 0.0959106, 0.0888436, 0.0883853, 0.0821987,
            0.0740102, 0.0673533, 0.0642539, 0.0559569, 0.0461041, 0.0431736,
            0.0342615, 0.0293894, 0.0211044, 0.0155208, 0.0097201 ]
    covariance:
        - [4.27892e-06,-8.07306e-08,1.41733e-07,-1.20613e-06,6.69322e-07,-3.44072e-07,6.85431e-07,-8.17551e-07,1.72512e-07,2.58261e-07,2.08793e-07,1.98737e-07,1.6171e-07,1.42478e-07,1.06359e-07,8.29935e-08,5.74273e-08]
        - [-8.07306e-08,4.87137e-06,3.36576e-07,1.27018e-06,3.68368e-07,8.08082e-07,2.63382e-07,9.19734e-07,4.39158e-07,3.33432e-07,2.80215e-07,2.68677e-07,2.17723e-07,1.91832e-07,1.43357e-07,1.11763e-07,7.71835e-08]
        - [1.41733e-07,3.36576e-07,4.40989e-06,9.15408e-07,3.51718e-07,8.09878e-07,2.21603e-07,9.50882e-07,4.2317e-07,3.14385e-07,2.6453e-07,2.52097e-07,2.05618e-07,1.81348e-07,1.35349e-07,1.05643e-07,7.30462e-08]
        - [-1.20613e-06,1.27018e-06,9.15408e-07,8.65962e-06,-8.44811e-07,2.51969e-06,-7.04801e-07,3.64322e-06,6.73594e-07,2.6977e-07,2.41886e-07,2.32845e-07,1.90396e-07,1.68172e-07,1.25781e-07,9.82025e-08,6.79581e-08]
        - [6.69322e-07,3.68368e-07,3.51718e-07,-8.44811e-07,4.27572e-06,-4.049e-07,6.0815e-07,-2.68447e-07,2.76629e-07,3.01371e-07,2.4708e-07,2.35608e-07,1.91739e-07,1.69237e-07,1.26374e-07,9.89821e-08,6.86181e-08]
        - [-3.44072e-07,8.08082e-07,8.09878e-07,2.51969e-06,-4.049e-07,4.74245e-06,-5.30071e-07,1.8103e-06,4.62464e-07,2.67832e-07,2.30602e-07,2.21395e-07,1.80495e-07,1.59088e-07,1.19195e-07,9.34742e-08,6.47201e-08]
        - [6.85431e-07,2.63382e-07,2.21603e-07,-7.04801e-07,6.0815e-07,-5.30071e-07,3.48992e-06,-8.1814e-07,2.32748e-07,2.54798e-07,2.1202e-07,2.01297e-07,1.64368e-07,1.44969e-07,1.08755e-07,8.51417e-08,5.92443e-08]
        - [-8.17551e-07,9.19734e-07,9.50882e-07,3.64322e-06,-2.68447e-07,1.8103e-06,-8.1814e-07,5.0031e-06,1.9863e-07,2.30221e-07,1.86924e-07,1.82821e-07,1.50025e-07,1.32955e-07,9.9379e-08,7.84399e-08,5.46e-08]
        - [1.72512e-07,4.39158e-07,4.2317e-07,6.73594e-07,2.76629e-07,4.62464e-07,2.32748e-07,1.9863e-07,2.44406e-06,-4.82224e-08,2.0183e-07,1.72623e-07,1.47304e-07,1.2984e-07,9.75023e-08,7.66702e-08,5.34875e-08]
        - [2.58261e-07,3.33432e-07,3.14385e-07,2.6977e-07,3.01371e-07,2.67832e-07,2.54798e-07,2.30221e-07,-4.82224e-08,2.17895e-06,-6.83706e-08,1.7152e-07,1.2527e-07,1.13829e-07,8.55008e-08,6.73083e-08,4.70546e-08]
        - [2.08793e-07,2.80215e-07,2.6453e-07,2.41886e-07,2.4708e-07,2.30602e-07,2.1202e-07,1.86924e-07,2.0183e-07,-6.83706e-08,1.80317e-06,-3.41135e-07,1.31916e-07,9.21116e-08,7.15465e-08,5.62792e-08,3.94154e-08]
        - [1.98737e-07,2.68677e-07,2.52097e-07,2.32845e-07,2.35608e-07,2.21395e-07,2.01297e-07,1.82821e-07,1.72623e-07,1.7152e-07,-3.41135e-07,6.17246e-06,-3.70475e-07,9.5189e-08,6.38038e-08,5.40065e-08,3.78757e-08]
        - [1.6171e-07,2.17723e-07,2.05618e-07,1.90396e-07,1.91739e-07,1.80495e-07,1.64368e-07,1.50025e-07,1.47304e-07,1.2527e-07,1.31916e-07,-3.70475e-07,1.62706e-06,-9.94734e-08,6.06477e-08,4.35932e-08,3.13649e-08]
        - [1.42478e-07,1.91832e-07,1.81348e-07,1.68172e-07,1.69237e-07,1.59088e-07,1.44969e-07,1.32955e-07,1.2984e-07,1.13829e-07,9.21116e-08,9.5189e-08,-9.94734e-08,1.57611e-06,-1.00404e-07,4.35787e-08,2.72867e-08]
        - [1.06359e-07,1.43357e-07,1.35349e-07,1.25781e-07,1.26374e-07,1.19195e-07,1.08755e-07,9.9379e-08,9.75023e-08,8.55008e-08,7.15465e-08,6.38038e-08,6.06477e-08,-1.00404e-07,1.20385e-06,-6.6269e-08,2.30061e-08]
        - [8.29935e-08,1.11763e-07,1.05643e-07,9.82025e-08,9.89821e-08,9.34742e-08,8.51417e-08,7.84399e-08,7.66702e-08,6.73083e-08,5.62792e-08,5.40065e-08,4.35932e-08,4.35787e-08,-6.6269e-08,6.81835e-07,-3.49125e-08]
        - [5.74273e-08,7.71835e-08,7.30462e-08,6.79581e-08,6.86181e-08,6.47201e-08,5.92443e-08,5.46e-08,5.34875e-08,4.70546e-08,3.94154e-08,3.78757e-08,3.13649e-08,2.72867e-08,2.30061e-08,-3.49125e-08,4.77038e-07]
# }}}
